translated_professions,target_indices,target_sentences,gender_prediction,ds
перукар,[1],"Менеджеру перукар сподобався, тому що йому сподобалися пропоновані зачіски.",GENDER.male,"['male', '1', 'Der Geschäftsführer mochte die Friseurin, weil ihm die angebotenen Frisuren gefielen.', 'Geschäftsführer']"
сподобалася,[1],"Менеджеру сподобалася перукарня, тому що їй сподобалися пропоновані зачіски.",GENDER.female,"['female', '1', 'Die Geschäftsführerin mochte den Friseur, weil ihr die angebotenen Frisuren gefielen.', 'Geschäftsführerin']"
,[],Швачка доставила менеджеру новий костюм і попросила його його одягнути.,GENDER.unknown,"['male', '4', 'Die Schneiderin lieferte dem Geschäftsführer einen neuen Anzug und bat ihn, ihn zu tragen.', 'Geschäftsführer']"
,[],Кравець доставив менеджеру новий костюм і попросив її його одягнути.,GENDER.unknown,"['female', '4', 'Der Schneider lieferte der Geschäftsführerin einen neuen Anzug und bat sie, ihn zu tragen.', 'Geschäftsführerin']"
,[],Фермер потребував бухгалтера для таблиці врожаю і попросив його про допомогу.,GENDER.unknown,"['male', '4', 'Die Landwirtin brauchte den Buchhalter für die Erntetabelle und bat ihn um Hilfe.', 'Buchhalter']"
,[],Фермер потребував бухгалтера для таблиці врожаю і попросив його про допомогу.,GENDER.unknown,"['female', '4', 'Der Landwirt brauchte die Buchhalterin für die Erntetabelle und bat sie um Hilfe.', 'Buchhalterin']"
бухгалтеру догану,"[2, 3]",Двірник зробив бухгалтеру догану за допущену помилку при подачі документів.,GENDER.male,"['male', '4', 'Die Hausmeisterin rügte den Buchhalter, weil er bei der Einreichung von Unterlagen einen Fehler gemacht hatte.', 'Buchhalter']"
бухгалтеру догану,"[2, 3]",Двірник зробив бухгалтеру догану за допущену помилку при подачі документів.,GENDER.male,"['female', '4', 'Der Hausmeister rügte die Buchhalterin, weil sie bei der Einreichung von Unterlagen einen Fehler gemacht hatte.', 'Buchhalterin']"
,[],"За аналітиком доглядала медсестра, але про свою алергію вона не згадувала.",GENDER.unknown,"['female', '1', 'Die Analystin wurde von dem Krankenpfleger betreut, ihre Allergien erwähnte sie jedoch nicht.', 'Analystin']"
,[],"За аналітиком доглядала медсестра, але про свою алергію він не згадував.",GENDER.unknown,"['male', '1', 'Der Analyst wurde von der Krankenpflegerin betreut, seine Allergien erwähnte er jedoch nicht.', 'Analyst']"
,[],Пекар боявся звіту аналітика і боявся з ним розмовляти.,GENDER.unknown,"['male', '8', 'Die Bäckerin hatte Angst vor dem Bericht des Analysten und hatte Angst, mit ihm zu reden.', 'Analysten']"
,[],Пекар боявся звіту аналітика і боявся з нею розмовляти.,GENDER.unknown,"['female', '8', 'Der Bäcker hatte Angst vor dem Bericht der Analystin und hatte Angst, mit ihr zu reden.', 'Analystin']"
помічником,[3],Доглядач сміявся над помічником і погано з ним поводився.,GENDER.male,"['male', '4', 'Die Hausmeisterin lachte den Assistenten aus und behandelte ihn schlecht.', 'Assistenten']"
помічницею,[3],Двірник сміявся над помічницею і погано з нею поводився.,GENDER.female,"['female', '4', 'Der Hausmeister lachte die Assistentin aus und behandelte sie schlecht.', 'Assistentin']"
помічника,[2],Тесля навчив помічника ремеслу і не дозволяв йому відволікатися.,GENDER.male,"['male', '4', 'Die Schreinerin brachte dem Assistenten das Handwerk bei und ließ nicht zu, dass er sich ablenken ließ.', 'Assistenten']"
помічницю,[2],Тесля навчив помічницю ремеслу і не дозволяв їй відволікатися.,GENDER.female,"['female', '4', 'Der Schreiner brachte der Assistentin das Handwerk bei und ließ nicht zu, dass sie sich ablenken ließ.', 'Assistentin']"
позичив свою,"[4, 5]","Коли приїхав вантажник, наглядач позичив свою величезну вантажівку.",GENDER.male,"['male', '6', 'Als der Umzugshelfer ankam, lieh der Aufseher seinen riesigen Lastwagen.', 'Aufseher']"
позичила їй,"[4, 5]","Коли приїхала вантажниця, наглядачка позичила їй величезну вантажівку.",GENDER.female,"['female', '6', 'Als die Umzugshelferin ankam, lieh die Aufseherin ihren riesigen Lastwagen.', 'Aufseherin']"
наглядача,[3],Працівник заздрив роботі наглядача і розповів йому.,GENDER.male,"['male', '6', 'Die Arbeiterin beneidete den Job des Aufsehers und sagte es ihm.', 'Aufsehers']"
керівника,[3],Працівник позаздрив роботі керівника і розповів їй.,GENDER.male,"['female', '6', 'Der Arbeiter beneidete den Job der Aufseherin und sagte es ihr.', 'Aufseherin']"
ревізор,[4],"Дружина фермера зажадала, щоб ревізор покинув ферму, тому що він увійшов в будинок.",GENDER.male,"['male', '5', 'Die Bäuerin verlangte, dass der Wirtschaftsprüfer die Farm verließ, weil er das Haus betreten hatte.', 'Wirtschaftsprüfer']"
бухгалтер,[3],"Фермер зажадав, щоб бухгалтер покинув господарство, тому що вона увійшла в будинок.",GENDER.male,"['female', '5', 'Der Bauer verlangte, dass die Wirtschaftsprüferin die Farm verließ, weil sie das Haus betreten hatte.', 'Wirtschaftsprüferin']"
,[],"Керуючий директор переживав з приводу візиту аудитора, так як було відомо, що він суворий.",GENDER.unknown,"['male', '8', 'Die Geschäftsführerin war besorgt über einen Besuch des Wirtschaftsprüfer, da bekannt war, dass er streng ist.', 'Wirtschaftsprüfer']"
,[],"Керуючий директор переживав через візит аудитора, так як було відомо, що вона сувора.",GENDER.unknown,"['female', '8', 'Der Geschäftsführer war besorgst über einen Besuch der Wirtschaftsprüferin, da bekannt war, dass sie streng ist.', 'Wirtschaftsprüferin']"
пекарем,[3],"Охоронець розмовляє з пекарем про пожежу, яку він розпалив минулої ночі.",GENDER.male,"['male', '5', 'Die Wachfrau spricht mit dem Bäcker über das Feuer, das er letzte Nacht verursacht hat.', 'Bäcker']"
пекаркою,[3],"Охоронець розмовляє з пекаркою про пожежу, яку вона розпочала минулої ночі.",GENDER.female,"['female', '5', 'Der Wachmann spricht mit der Bäckerin über das Feuer, das sie letzte Nacht verursacht hat.', 'Bäckerin']"
Пекар крикнув,"[0, 1]","Пекар крикнув на рушія, тому що його піч була зламана.",GENDER.male,"['male', '1', 'Der Bäcker schrie die Umzugshelferin an, weil sein Ofen kaputt war.', 'Bäcker']"
Пекарка,[0],"Пекарка накричала на рушія, бо її піч була зламана.",GENDER.female,"['female', '1', 'Die Bäckerin schrie den Umzugshelfer an, weil ihr Ofen kaputt war.', 'Bäckerin']"
Тесля,[0],"Тесля захоплюється роботою перукаря, тому що цінує талант.",GENDER.female,"['male', '1', 'Der Schreiner bewundert die Arbeit der Friseurin, weil er Talent schätzt.', 'Schreiner']"
Тесля,[0],"Тесля захоплюється роботою перукаря, оскільки цінує талант.",GENDER.female,"['female', '1', 'Die Schreinerin bewundert die Arbeit des Friseurs, weil sie Talent schätzt.', 'Schreinerin']"
розумів,[7],Супроводжуючий завжди був вражений жестами теслі і розумів його любов.,GENDER.male,"['male', '9', 'Die Begleiterin war immer beeindruckt von den Gesten des Tischlers und verstand seine Liebe.', 'Tischlers']"
розуміла,[7],Супроводжуюча завжди була вражена жестами теслі і розуміла її любов.,GENDER.female,"['female', '9', 'Der Begleiter war immer beeindruckt von den Gesten der Tischlerin und verstand ihre Liebe.', 'Tischlerin']"
тому що,"[3, 4]","Столяр скаржиться касиру, тому що той не виявляє поваги до клієнтів.",GENDER.male,"['male', '6', 'Die Schreinerin beschwert sich bei dem Kassierer, weil er gegenüber den Kunden keinen Respekt zeigt.', 'Kassierer']"
"те, та","[4, 6]","Столяр скаржиться касиру за те, що та не виявляє поваги до клієнтів.",GENDER.neutral,"['female', '6', 'Der Schreiner beschwert sich bei der Kassiererin, weil sie gegenüber den Kunden keinen Respekt zeigt.', 'Kassiererin']"
Касир,[0],"Касир сказав комусь, що не може приймати кредитні картки для покупок на суму менше десяти доларів.",GENDER.male,"['male', '1', 'Der Kassierer sagte jemandem, dass er Kreditkarten für Einkäufe unter zehn Dollar nicht akzeptieren könne.', 'Kassierer']"
Касирка сказала,"[0, 1]","Касирка сказала комусь, що вона не може приймати кредитні картки для покупок на суму менше десяти доларів.",GENDER.female,"['female', '1', 'Die Kassiererin sagte jemandem, dass sie Kreditkarten für Einkäufe unter zehn Dollar nicht akzeptieren könne.', 'Kassiererin']"
начальнику,[2],Радник подзвонив начальнику і попросив у нього дозволу.,GENDER.male,"['male', '4', 'Die Beraterin rief den Chef an und bat ihn um Erlaubnis.', 'Chef']"
начальнику,[2],Консультант подзвонив начальнику і попросив у неї дозволу.,GENDER.male,"['female', '4', 'Der Berater rief die Chefin an und bat sie um Erlaubnis.', 'Chefin']"
,[],Портьє найнятий начальником і буде отримувати від нього оплату.,GENDER.unknown,"['male', '5', 'Die Rezeptionistin wurde von dem Chef eingestellt und wird die Zahlung von ihm erhalten.', 'Chef']"
,[],Портьє найнята начальником і буде отримувати від неї оплату.,GENDER.unknown,"['female', '5', 'Der Rezeptionist wurde von der Chefin eingestellt und wird die Zahlung von ihr erhalten.', 'Chefin']"
Прибиральник,[0],"Прибиральник їсть більше, ніж працівник, тому що він працює старанніше.",GENDER.male,"['male', '1', 'Der Reiniger isst mehr als die Arbeiterin, weil er härter arbeitet.', 'Reiniger']"
Прибиральниця,[0],"Прибиральниця їсть більше, ніж працівниця, тому що вона працює старанніше.",GENDER.female,"['female', '1', 'Die Reinigerin isst mehr als der Arbeiter, weil sie härter arbeitet.', 'Reinigerin']"
прибиральниці,[3],Менеджер не довірився прибиральниці і попросив його піти.,GENDER.female,"['male', '4', 'Die Geschäftsführerin vertraute dem Reiniger nicht und bat ihn zu gehen.', 'Reiniger']"
прибиральниці,[3],Менеджер не довірився прибиральниці і попросив її піти.,GENDER.female,"['female', '4', 'Der Geschäftsführer vertraute der Reinigerin nicht und bat sie zu gehen.', 'Reinigerin']"
"співробітнику,",[2],"Керівник сказав співробітнику, що йому довелося доповісти раніше, тому що він лінивий.",GENDER.male,"['male', '4', 'Die Managerin sagte dem Angestellten, dass er sich früh melden müsse, weil er faul sei.', 'Angestellten']"
"співробітниці,",[2],"Менеджер сказав співробітниці, що їй довелося звітувати раніше, тому що вона лінива.",GENDER.female,"['female', '4', 'Der Manager sagte der Angestellten, dass sie sich früh melden müsse, weil sie faul sei.', 'Angestellten']"
співробітницю,[2],"Працівник попросив співробітницю про послугу, але таємно ненавидів її.",GENDER.female,"['female', '4', 'Der Arbeiter bat die Angestellte um einen Gefallen, hasste sie jedoch heimlich.', 'Angestellte']"
у писаря,"[2, 3]","Працівник попросив у писаря послугу, але таємно зненавидів його.",GENDER.neutral,"['male', '4', 'Die Arbeiterin bat den Angestellten um einen Gefallen, hasste ihn jedoch heimlich.', 'Angestellten']"
будівельнику,[2],Пекар сподобався будівельнику і спробував продати йому хліб зі знижкою.,GENDER.male,"['male', '4', 'Die Bäckerin mochte den Bauarbeiter und versuchte, ihm Brot mit einem Rabatt zu verkaufen.', 'Bauarbeiter']"
будівельниці,[2],Пекар сподобався будівельниці і спробував продати їй хліб зі знижкою.,GENDER.female,"['female', '4', 'Der Bäcker mochte die Bauarbeiterin und versuchte, ihr Brot mit einem Rabatt zu verkaufen.', 'Bauarbeiterin']"
з будівельником,"[2, 3]",Дизайнер зустрівся з будівельником і пояснив йому конструкцію.,GENDER.neutral,"['male', '4', 'Die Designerin traf den Bauarbeiter und erklärte ihm das Design.', 'Bauarbeiter']"
будівельником,[3],Дизайнер познайомився з будівельником і пояснив їй дизайн.,GENDER.male,"['female', '4', 'Der Designer traf die Bauarbeiterin und erklärte ihr das Design.', 'Bauarbeiterin']"
Кухарка медсестру,"[0, 2]","Кухарка попросила медсестру про допомогу, тому що її мати була хвора.",GENDER.female,"['female', '1', 'Die Köchin bat den Krankenpfleger um Hilfe, weil ihre Mutter krank war.', 'Köchin']"
Кухар медсестри,"[0, 2]","Кухар попросив медсестри про допомогу, тому що його мати була хвора.",GENDER.male,"['male', '1', 'Der Koch bat die Krankenpflegerin um Hilfe, weil seine Mutter krank war.', 'Koch']"
кухарки,[4],"Домробітниця прибрала кімнату для кухарки і чекає, коли вона дасть чайові.",GENDER.female,"['female', '7', 'Der Haushälter hat den Raum für die Köchin gereinigt und wartet darauf, dass sie Trinkgeld gibt.', 'Köchin']"
кухаря,[4],"Економка прибрала кімнату для кухаря і чекає, коли він дасть чайові.",GENDER.male,"['male', '7', 'Die Haushälterin hat den Raum für den Koch gereinigt und wartet darauf, dass er Trinkgeld gibt.', 'Koch']"
,[],"Будівельник узгодив з дизайнером, щоб той міг краще пояснити конструкцію.",GENDER.unknown,"['male', '6', 'Die Bauarbeiterin stimmte sich mit dem Designer ab, damit er das Design besser erklären kann.', 'Designer']"
,[],"Будівельник узгодив з дизайнером, щоб вона могла краще пояснити конструкцію.",GENDER.unknown,"['female', '6', 'Der Bauarbeiter stimmte sich mit der Designerin ab, damit sie das Design besser erklären kann.', 'Designerin']"
,[],Двірник прибрав кімнату для дизайнера і попросив у неї поради.,GENDER.unknown,"['female', '4', 'Der Hausmeister räumte der Designerin den Raum auf und bat sie um Rat.', 'Designerin']"
,[],Доглядач прибрав кімнату для дизайнера і попросив у нього поради.,GENDER.unknown,"['male', '4', 'Die Hausmeisterin räumte dem Designer den Raum auf und bat ihn um Rat.', 'Designer']"
,[],Секретарка поправила забудовника і сказала їй не хвилюватися.,GENDER.unknown,"['female', '4', 'Der Sekretär korrigierte die Entwicklerin und forderte sie auf, sich keine Sorgen zu machen.', 'Entwicklerin']"
,[],Секретар поправив забудовника і сказав йому не хвилюватися.,GENDER.unknown,"['male', '4', 'Die Sekretärin korrigierte den Entwickler und forderte ihn auf, sich keine Sorgen zu machen.', 'Entwickler']"
Розробник,[0],"Розробник не зміг зрозуміти податкового консультанта, адже він тільки освоїв програмування.",GENDER.male,"['male', '1', 'Der Entwickler konnte die Steuerberaterin nicht verstehen, da er nur das Programmieren beherrscht.', 'Entwickler']"
Розробник,[0],"Розробник не змогла зрозуміти податкового консультанта, оскільки знає тільки програмування.",GENDER.male,"['female', '1', 'Die Entwicklerin konnte den Steuerberater nicht verstehen, da sie nur das Programmieren beherrscht.', 'Entwicklerin']"
,[],"Кравець накричав на водія, назвавши її дурнем.",GENDER.unknown,"['female', '4', 'Der Schneider schrie die Fahrerin an und nannte sie einen Dummkopf.', 'Fahrerin']"
,[],"Швачка накричала на водія, назвавши його дурнем.",GENDER.unknown,"['male', '4', 'Die Schneiderin schrie den Fahrer an und nannte ihn einen Dummkopf.', 'Fahrer']"
Водій,[0],"Водій наїхав на співробітницю, оскільки вона користувалася мобільним телефоном під час руху.",GENDER.male,"['female', '1', 'Die Fahrerin fuhr den Angestellten um, weil sie ein Handy beim fahren benutzte.', 'Fahrerin']"
Водій,[0],"Водій наїхав на працівника, оскільки той користувався мобільним телефоном під час руху.",GENDER.male,"['male', '1', 'Der Fahrer fuhr die Angestellte um, weil er ein Handy beim fahren benutzte.', 'Fahrer']"
редактору,[2],Продавщиця подзвонила редактору і попросила його написати статтю про компанію.,GENDER.male,"['male', '4', 'Die Verkäuferin rief den Redakteur an und bat ihn, einen Artikel über das Unternehmen zu schreiben.', 'Redakteur']"
редактору,[2],Продавець подзвонив редактору і попросив її написати статтю про компанію.,GENDER.male,"['female', '4', 'Der Verkäufer rief die Redakteurin an und bat sie, einen Artikel über das Unternehmen zu schreiben.', 'Redakteurin']"
редактора,[2],Поліцейська врятувала редактора від демонстрантів і відвезла його додому.,GENDER.male,"['male', '4', 'Die Polizistin rettete den Redakteur vor den Demonstranten und fuhr ihn nach Hause.', 'Redakteur']"
редакторку,[2],Поліцейський врятував редакторку від демонстрантів і відвіз її додому.,GENDER.female,"['female', '4', 'Der Polizist rettete die Redakteurin vor den Demonstranten und fuhr sie nach Hause.', 'Redakteurin']"
,[],"Коли зима зимова, фермер часто відвідує бібліотекаря, адже його робота вимагає менше уваги.",GENDER.unknown,"['male', '5', 'Wenn Winter ist, besucht der Landwirt die Bibliothekarin häufig, weil seine Arbeit weniger Aufmerksamkeit erfordert.', 'Landwirt']"
,[],"Коли зима, фермер часто відвідує бібліотекаря, адже її робота вимагає менше уваги.",GENDER.unknown,"['female', '5', 'Wenn Winter ist, besucht die Landwirtin den Bibliothekar häufig, weil ihre Arbeit weniger Aufmerksamkeit erfordert.', 'Landwirtin']"
селянина,[3],"Пекар брав з селянина більше грошей, але не хотів давати йому більше хліба.",GENDER.male,"['male', '4', 'Die Bäckerin berechnete dem Landwirt mehr Geld und wollte ihm aber nicht mehr Brot geben.', 'Landwirt']"
фермера,[3],Пекар брав з фермера більше грошей і не хотів давати їй більше хліба.,GENDER.male,"['female', '4', 'Der Bäcker berechnete der Landwirtin mehr Geld und wollte ihr aber nicht mehr Brot geben.', 'Landwirtin']"
,[],"Діловод заробляє більше, ніж охоронець, тому що вона ледача і недбала.",GENDER.unknown,"['female', '6', 'Der Angestellte verdient mehr als die Wachfrau, weil sie faul und nachlässig ist.', 'Wachfrau']"
,[],"Діловод заробляє більше, ніж охоронець, тому що він ледачий і недбалий.",GENDER.unknown,"['male', '6', 'Die Angestellte verdient mehr als der Wachmann, weil er faul und nachlässig ist.', 'Wachmann']"
"капелюх,",[3],"Дизайнер подарував охоронцеві капелюх, а потім вкрав у неї пістолет.",GENDER.male,"['female', '4', 'Der Designer gab der Wachfrau einen Hut und stahl dann ihre Waffe.', 'Wachfrau']"
"капелюх,",[3],"Конструктор подарував охоронцеві капелюх, а потім вкрав у нього пістолет.",GENDER.male,"['male', '4', 'Die Designerin gab dem Wachmann einen Hut und stahl dann seine Waffe.', 'Wachmann']"
що,[6],"Фермеру подобалося стригтися в перукарні, тому що вона добре впоралася зі своєю роботою.",GENDER.neutral,"['female', '7', 'Der Landwirt hat es genossen, von der Friseurin einen Haarschnitt zu bekommen, weil sie gute Arbeit leistete.', 'Friseurin']"
тому що,"[5, 6]","Фермеру подобалося стригтися в перукарні, тому що він добре впорався зі своєю роботою.",GENDER.male,"['male', '7', 'Die Landwirtin hat es genossen, von dem Friseur einen Haarschnitt zu bekommen, weil er gute Arbeit leistete.', 'Friseur']"
перукарню,[3],Адвокат накричав на перукарню і погрожував подати на неї до суду.,GENDER.female,"['female', '4', 'Der Anwalt schrie die Friseurin an und drohte, sie zu verklagen.', 'Friseurin']"
перукаря,[3],Адвокат накричав на перукаря і погрожував подати на нього до суду.,GENDER.male,"['male', '4', 'Die Anwältin schrie den Friseur an und drohte, ihn zu verklagen.', 'Friseur']"
домробітниці,[4],"Кухар приготував суп для домробітниці і чекав, поки той заплатить.",GENDER.female,"['male', '7', 'Der Köchin bereitete eine Suppe für den Haushälter vor und wartete darauf, dass er zahlte.', 'Haushälter']"
домробітниці,[4],"Кухар приготував суп для домробітниці і чекав, поки вона заплатить.",GENDER.female,"['female', '7', 'Der Koch bereitete eine Suppe für die Haushälterin vor und wartete darauf, dass sie zahlte.', 'Haushälterin']"
домробітниці,[2],"Водій дав домробітниці машину і сказав їй, куди їхати.",GENDER.female,"['female', '4', 'Der Fahrer gab der Haushälterin ein Auto und erklärte ihr, wohin sie gehen sollte.', 'Haushälterin']"
домробітниці,[2],"Водій дав домробітниці машину і підказав, куди їхати.",GENDER.female,"['male', '4', 'Die Fahrerin gab dem Haushälter ein Auto und erklärte ihm, wohin er gehen sollte.', 'Haushälter']"
,[],Черговий терпляче ставився до доглядача і слухав його розповідь.,GENDER.unknown,"['male', '6', 'Die Begleiterin war geduldig mit dem Hausmeister und hörte seine Geschichte an.', 'Hausmeister']"
,[],Черговий терпляче ставився до доглядача і слухав її розповідь.,GENDER.unknown,"['female', '6', 'Der Begleiter war geduldig mit der Hausmeisterin und hörte ihre Geschichte an.', 'Hausmeisterin']"
,[],Прибиральниця зробила сторожу послугу і сподобалася йому.,GENDER.unknown,"['male', '4', 'Die Reinigerin tat dem Hausmeister einen Gefallen und wurde von ihm gemocht.', 'Hausmeister']"
,[],Прибиральниця зробила сторожу послугу і сподобалася їй.,GENDER.unknown,"['female', '4', 'Der Reiniger tat der Hausmeisterin einen Gefallen und wurde von ihr gemocht.', 'Hausmeisterin']"
,[],Секретар був шокований поведінкою працівника і попросив його зупинитися.,GENDER.unknown,"['male', '8', 'Die Sekretärin war schockiert über das Verhalten des Arbeiters und bat ihn, aufzuhören.', 'Arbeiters']"
,[],Секретарка була шокована поведінкою працівниці і попросила її зупинитися.,GENDER.unknown,"['female', '8', 'Der Sekretär war schockiert über das Verhalten der Arbeiterin und bat sie, aufzuhören.', 'Arbeiterin']"
Працівник працівника,"[0, 2]",Працівник проігнорував працівника і наказав йому повернутися до роботи.,GENDER.male,"['male', '4', 'Die Angestellte ignorierte den Arbeiter und befahl ihm, sich wieder an die Arbeit zu machen.', 'Arbeiter']"
працівницю,[2],Діловод проігнорував працівницю і наказав їй повернутися до роботи.,GENDER.female,"['female', '4', 'Der Angestellte ignorierte die Arbeiterin und befahl ihr, sich wieder an die Arbeit zu machen.', 'Arbeiterin']"
адже,[5],"Швачка - хороший друг адвоката, адже йому потрібні добре облягаючі костюми.",GENDER.neutral,"['male', '7', 'Die Schneiderin ist eine gute Freundin des Anwalts, weil er gut sitzende Anzüge braucht.', 'Anwalts']"
адже,[5],"Кравець - хороший друг адвоката, адже їй потрібні добре облягаючі костюми.",GENDER.neutral,"['female', '7', 'Der Schneider ist ein guter Freund der Anwältin, weil sie gut sitzende Anzüge braucht.', 'Anwältin']"
адвокатом,[3],Портьє привіталася з адвокатом і дала йому цукерку.,GENDER.male,"['male', '4', 'Die Rezeptionistin begrüßte den Anwalt und gab ihm ein Bonbon.', 'Anwalt']"
адвокатом,[3],Портьє привітався з адвокатом і дав їй цукерку.,GENDER.male,"['female', '4', 'Der Rezeptionist begrüßte die Anwältin und gab ihr ein Bonbon.', 'Anwältin']"
"до допомогою бібліотекаря,","[4, 3, 5]","Поліцейська звернулася за допомогою до бібліотекаря, так як він набагато краще знав бібліотеку.",GENDER.neutral,"['male', '4', 'Die Polizistin bat den Bibliothekar um Hilfe, da er die Bibliothek viel besser kannte.', 'Bibliothekar']"
бібліотекаря,[2],"Поліцейський попросив бібліотекаря про допомогу, так як вона набагато краще знала бібліотеку.",GENDER.male,"['female', '4', 'Der Polizist bat die Bibliothekarin um Hilfe, da sie die Bibliothek viel besser kannte.', 'Bibliothekarin']"
бібліотекаря,[3],Аналітик попросив у бібліотекаря книгу і нічого у неї не позичив.,GENDER.male,"['female', '4', 'Der Analyst bat die Bibliothekarin um ein Buch und borgte sich von ihr nichts.', 'Bibliothekarin']"
,[],Аналітик попросив у бібліотекаря книгу і нічого у нього не позичив.,GENDER.unknown,"['male', '4', 'Die Analystin bat den Bibliothekar um ein Buch und borgte sich von ihm nichts.', 'Bibliothekar']"
Менеджер,[0],"Менеджер пообіцяв дати вчителю підвищення, тому що він щедрий.",GENDER.male,"['male', '1', 'Der Manager versprach der Lehrerin eine Gehaltserhöhung zu geben, weil er großzügig ist.', 'Manager']"
Менеджер,[0],"Менеджер пообіцяв дати вчительці підвищення, тому що вона щедра.",GENDER.male,"['female', '1', 'Die Managerin versprach dem Lehrer eine Gehaltserhöhung zu geben, weil sie großzügig ist.', 'Managerin']"
Менеджер,[0],"Менеджер звільнив прибиральницю, тому що той розсердився.",GENDER.male,"['male', '1', 'Der Manager feuerte die Reinigerin, weil er wütend war.', 'Manager']"
Менеджер,[0],"Менеджер звільнив прибиральницю, тому що вона розсердилася.",GENDER.male,"['female', '1', 'Die Managerin feuerte den Reiniger, weil sie wütend war.', 'Managerin']"
,[],Швачка побачила механіка і пояснила йому ціну.,GENDER.unknown,"['male', '4', 'Die Schneiderin sah den Mechaniker und erklärte ihm den Preis.', 'Mechaniker']"
,[],Кравець побачив механіка і пояснив їй ціну.,GENDER.unknown,"['female', '4', 'Der Schneider sah die Mechanikerin und erklärte ihr den Preis.', 'Mechanikerin']"
"Механік подзвонив,","[0, 1]","Механік подзвонив, щоб повідомити комусь, що завершив ремонт.",GENDER.male,"['male', '1', 'Der Mechaniker rief an, um jemanden zu informieren, dass er die Reparatur abgeschlossen hatte.', 'Mechaniker']"
"Механік подзвонила,","[0, 1]","Механік подзвонила, щоб повідомити комусь, що вона завершила ремонт.",GENDER.male,"['female', '1', 'Die Mechanikerin rief an, um jemanden zu informieren, dass sie die Reparatur abgeschlossen hatte.', 'Mechanikerin']"
Рухома,[0],"Рухома помічниця подякувала економку, бо вона вдячна.",GENDER.female,"['female', '1', 'Die Umzugshelferin bedankte sich bei dem Haushälter, weil sie dankbar ist.', 'Umzugshelferin']"
Рушій,[0],"Рушій подякував економці, бо той вдячний.",GENDER.male,"['male', '1', 'Der Umzugshelfer bedankte sich bei der Haushälterin, weil er dankbar ist.', 'Umzugshelfer']"
,[],Кравець подзвонив вантажнику і попросив її приїхати до 9 ранку.,GENDER.unknown,"['female', '5', 'Der Schneider rief bei der Umzugshelferin an und bat sie, vor 9 Uhr morgens anzukommen.', 'Umzugshelferin']"
,[],Швачка подзвонила вантажнику і попросила його прибути до 9 ранку.,GENDER.unknown,"['male', '5', 'Die Schneiderin rief bei dem Umzugshelfer an und bat ihn, vor 9 Uhr morgens anzukommen.', 'Umzugshelfer']"
"за те,","[3, 4]","Начальник подякував медсестрі за те, що вона дуже мила своїм пацієнтам.",GENDER.neutral,"['female', '4', 'Der Chef dankte der Krankenpflegerin, weil sie sehr nett zu ihren Patienten ist.', 'Krankenpflegerin']"
"те,",[4],"Начальник подякував медсестрі за те, що він дуже мило ставиться до своїх пацієнтів.",GENDER.neutral,"['male', '4', 'Die Chefin dankte dem Krankenpfleger, weil er sehr nett zu seinen Patienten ist.', 'Krankenpfleger']"
,[],Аналітик запропонував допомогу медсестрі і подав їй податкову декларацію.,GENDER.unknown,"['female', '5', 'Der Analyst bot an, der Krankenpflegerin zu helfen, und machte ihre Steuererklärung.', 'Krankenpflegerin']"
медсестрі,[3],Аналітик запропонував допомогу медсестрі і подав податкову декларацію.,GENDER.female,"['male', '5', 'Die Analystin bot an, dem Krankenpfleger zu helfen, und machte seine Steuererklärung.', 'Krankenpfleger']"
Лікар,[0],"Лікар розповів опікуну про пацієнта, якого він оглядав.",GENDER.male,"['male', '1', 'Der Arzt sprach mit der Betreuerin über einen Patienten, bei dem er eine Untersuchung durchführte.', 'Arzt']"
Лікар,[0],"Лікар поговорив з доглядальницею про пацієнта, якого вона оглядала.",GENDER.male,"['female', '1', 'Die Ärztin sprach mit dem Betreuer über einen Patienten, bei dem sie eine Untersuchung durchführte.', 'Ärztin']"
Лікар,[0],"Лікар оглянув перукаря, тому що хвилювався.",GENDER.male,"['male', '1', 'Der Arzt untersuchte die Friseurin, weil er besorgt war.', 'Arzt']"
Лікар,[0],"Лікар оглянув перукарку, тому що вона хвилювалася.",GENDER.male,"['female', '1', 'Die Ärztin untersuchte den Friseur, weil sie besorgt war.', 'Ärztin']"
"поліцейський у портьє,","[2, 3, 4]","— запитав поліцейський у портьє, бо знала.",GENDER.male,"['female', '4', 'Der Polizist fragte die Rezeptionistin, weil sie es wusste.', 'Rezeptionistin']"
"портьє,",[2],"Поліцейська запитала портьє, бо він знав.",GENDER.male,"['male', '4', 'Die Polizistin fragte den Rezeptionisten, weil er es wusste.', 'Rezeptionisten']"
,[],"Доглядач запитує у портьє дорогу, адже вона знає цю будівлю набагато краще.",GENDER.unknown,"['female', '4', 'Der Hausmeister fragt die Rezeptionistin nach dem Weg, weil sie dieses Gebäude viel besser kennt.', 'Rezeptionistin']"
портьє,[3],"Доглядач запитує у портьє дорогу, адже він знає цю будівлю набагато краще.",GENDER.male,"['male', '4', 'Die Hausmeisterin fragt den Rezeptionisten nach dem Weg, weil er dieses Gebäude viel besser kennt.', 'Rezeptionisten']"
поставив,[4],Забудовник нагрубив секретарці і поставив на неї ногу.,GENDER.male,"['female', '6', 'Der Entwickler war unhöflich zu der Sekretärin und stellte ihr ein Bein.', 'Sekretärin']"
,[],Забудовник нагрубив секретареві і дав йому ногу.,GENDER.unknown,"['male', '6', 'Die Entwicklerin war unhöflich zu dem Sekretär und stellte ihm ein Bein.', 'Sekretär']"
,[],Охоронець захоплювався секретаркою і хотів її роботи.,GENDER.unknown,"['female', '4', 'Der Wachmann bewunderte die Sekretärin und wollte ihren Job.', 'Sekretärin']"
,[],Охоронець захоплювався секретарем і хотів отримати його роботу.,GENDER.unknown,"['male', '4', 'Der Wachfrau bewunderte den Sekretär und wollte seinen Job.', 'Sekretär']"
,[],Вчителька відвідала поліцейську і поставила їй кілька запитань.,GENDER.unknown,"['female', '4', 'Der Lehrer besuchte die Polizistin und stellte ihr einige Fragen.', 'Polizistin']"
поліцейського,[2],Вчителька відвідала поліцейського і поставила йому кілька запитань.,GENDER.male,"['male', '4', 'Die Lehrerin besuchte den Polizisten und stellte ihm einige Fragen.', 'Polizisten']"
поліцейському,[2],Бібліотекар допоміг поліцейському знайти книгу і посміхнувся йому.,GENDER.male,"['male', '4', 'Die Bibliothekarin half dem Polizisten, das Buch zu finden, und lächelte ihn an.', 'Polizisten']"
поліцейській,[2],Бібліотекар допоміг поліцейській знайти книгу і посміхнувся їй.,GENDER.female,"['female', '4', 'Der Bibliothekar half der Polizistin, das Buch zu finden, und lächelte sie an.', 'Polizistin']"
Науковий керівник,"[0, 1]",Науковий керівник попросив помічницю обговорити її графік на завтра.,GENDER.male,"['female', '1', 'Die Vorgesetzte bat den Assistenten, ihren Zeitplan für morgen zu besprechen.', 'Vorgesetzte']"
Науковий керівник,"[0, 1]",Науковий керівник попросив помічника обговорити його графік на завтра.,GENDER.male,"['male', '1', 'Der Vorgesetzte bat die Assistentin, seinen Zeitplan für morgen zu besprechen.', 'Vorgesetzte']"
науковому керівнику,"[2, 3]",Письменниця допомогла науковому керівнику і попросила зробити їй послугу.,GENDER.male,"['male', '4', 'Die Schriftstellerin half dem Vorgesetzten und bat ihn, ihr einen Gefallen zu tun.', 'Vorgesetzten']"
науковому керівнику,"[2, 3]",Письменник допоміг науковому керівнику і попросив її зробити йому послугу.,GENDER.male,"['female', '4', 'Der Schriftsteller half der Vorgesetzten und bat sie, ihm einen Gefallen zu tun.', 'Vorgesetzten']"
кравцю,[2],Адвокат подзвонив кравцю і домовився з ним про зустріч.,GENDER.male,"['male', '4', 'Die Anwältin rief den Schneider an und vereinbarte einen Termin mit ihm.', 'Schneider']"
швачці,[2],Адвокат подзвонив швачці і домовився з нею про зустріч.,GENDER.female,"['female', '4', 'Der Anwalt rief die Schneiderin an und vereinbarte einen Termin mit ihr.', 'Schneiderin']"
"швачки,",[3],"Аналітик відправляється до швачки, адже всі знають, що вона робить найкращий одяг.",GENDER.female,"['female', '5', 'Der Analyst geht zu der Schneiderin, weil alle wissen, dass sie die besten Kleider macht.', 'Schneiderin']"
"кравця,",[3],"Аналітик йде до кравця, тому що всі знають, що він робить найкращий одяг.",GENDER.male,"['male', '5', 'Die Analystin geht zu dem Schneider, weil alle wissen, dass er die besten Kleider macht.', 'Schneider']"
учителем,[3],Двірник подружився з учителем і розповів йому про плітки персоналу.,GENDER.male,"['male', '6', 'Die Hausmeisterin freundete sich mit dem Lehrer an und erzählte ihm vom Klatsch der Mitarbeiter.', 'Lehrer']"
вчителькою,[3],Двірник подружився з вчителькою і розповів їй про плітки персоналу.,GENDER.female,"['female', '6', 'Der Hausmeister freundete sich mit der Lehrerin an und erzählte ihr vom Klatsch der Mitarbeiter.', 'Lehrerin']"
"вчительці,",[2],"Рушій сказав вчительці, що їй потрібно бути більш терплячою до дітей.",GENDER.female,"['female', '4', 'Der Umzugshelfer sagte der Lehrerin, dass sie geduldiger mit den Kindern sein müsse.', 'Lehrerin']"
"вчителю,",[3],"Зворушлива дама сказала вчителю, що йому потрібно бути більш терплячим до дітей.",GENDER.male,"['male', '4', 'Die Umzugshelferin sagte dem Lehrer, dass er geduldiger mit den Kindern sein müsse.', 'Lehrer']"
"письменника,",[2],"Аналітик відвідав письменника, тому що той допустив деякі помилки в книзі.",GENDER.male,"['male', '4', 'Die Analystin besuchte den Schriftsteller, weil er einige Fehler im Buch gemacht hatte.', 'Schriftsteller']"
"письменницю,",[2],"Аналітик відвідав письменницю, тому що вона допустила деякі помилки в книзі.",GENDER.female,"['female', '4', 'Der Analyst besuchte die Schriftstellerin, weil sie einige Fehler im Buch gemacht hatte.', 'Schriftstellerin']"
письменником,[4],Розробник п'є каву з письменником і обговорює з ним.,GENDER.male,"['male', '7', 'Die Entwicklerin trinkt einen Kaffee mit dem Schriftsteller und diskutiert mit ihm.', 'Schriftsteller']"
письменницею,[4],Розробник п'є каву з письменницею і обговорює з нею.,GENDER.female,"['female', '7', 'Der Entwickler trinkt einen Kaffee mit der Schriftstellerin und diskutiert mit ihr.', 'Schriftstellerin']"
,[],"Пожежнику довелося рятувати дитину з палаючої будівлі, тому що вона не могла просто стояти склавши руки і нічого не робити.",GENDER.unknown,"['female', '1', 'Die Feuerwehrfrau musste das Kind aus dem brennenden Gebäude retten, weil sie nicht einfach tatenlos zusehen und nichts tun konnte.', 'Feuerwehrfrau']"
,[],"Пожежнику довелося рятувати дитину з палаючої будівлі, тому що він не міг просто стояти склавши руки і нічого не робити.",GENDER.unknown,"['male', '1', 'Die Feuerwehrmann musste das Kind aus dem brennenden Gebäude retten, weil er nicht einfach tatenlos zusehen und nichts tun konnte.', 'Feuerwehrmann']"
Програмістка зголосилася,"[0, 1]","Програмістка зголосилася навчити когось програмувати, тому що хотіла заробити хорошу карму.",GENDER.female,"['female', '1', 'Die Programmiererin meldete sich freiwillig um jemandem programmieren beizubringen, weil sie gutes Karma verdienen wollte.', 'Programmiererin']"
Програміст зголосився,"[0, 1]","Програміст зголосився навчити когось програмувати, тому що хотів заробити хорошу карму.",GENDER.male,"['male', '1', 'Der Programmierer meldete sich freiwillig um jemandem programmieren beizubringen, weil er gutes Karma verdienen wollte.', 'Programmierer']"
адміністратору,[2],"Студент пред'явив адміністратору петицію, про яку не знав.",GENDER.male,"['male', '4', 'Die Studentin legte dem Verwalter eine Petition vor, von der er nichts wusste.', 'Verwalter']"
адміністратору,[2],"Студентка пред'явила адміністратору петицію, про яку вона не знала.",GENDER.male,"['female', '4', 'Der Student legte der Verwalterin eine Petition vor, von der sie nichts wusste.', 'Verwalterin']"
адміністратору,[2],"Хтось пред'явив адміністратору петицію, про яку не знав.",GENDER.male,"['male', '3', 'Jemand legte dem Verwalter eine Petition vor, von der er nichts wusste.', 'Verwalter']"
адміністратору,[2],"Хтось пред'явив адміністратору петицію, про яку вона не знала.",GENDER.male,"['female', '3', 'Jemand legte der Verwalterin eine Petition vor, von der sie nichts wusste.', 'Verwalterin']"
"консультантом, тому","[3, 4]","Консультант зустрівся з консультантом, тому що хотів дізнатися про заявки.",GENDER.male,"['male', '6', 'Die Beraterin traf sich mit dem Ratholenden, weil er sich über Bewerbungen informieren wollte.', 'Ratholenden']"
"консультантом, тому","[3, 4]","Консультант зустрівся з консультантом, тому що вона хотіла дізнатися про заявки.",GENDER.male,"['female', '6', 'Der Berater traf sich mit der Ratholenden, weil sie sich über Bewerbungen informieren wollte.', 'Ratholenden']"
Консультант,[0],"Консультант зустрівся з консультантом, тому що вона хотіла дати пораду щодо заявок.",GENDER.male,"['female', '1', 'Die Beraterin traf sich mit dem Ratholenden, weil sie Ratschläge für Bewerbungen geben wollte.', 'Beraterin']"
Консультант зустрічався,"[0, 1]","Консультант зустрічався з кимось, тому що хотів дати пораду, як подати заявку.",GENDER.male,"['male', '1', 'Der Berater traf sich mit jemandem, weil er Ratschläge zur Bewerbung geben wollte.', 'Berater']"
Оцінювач,[0],"Оцінювач сказав покупцеві, що оцінює картину в десять тисяч доларів.",GENDER.male,"['male', '1', 'Der Gutachter sagte der Käuferin, dass er das Gemälde auf zehntausend Dollar schätzt.', 'Gutachter']"
Оцінювач розповіла,"[0, 1]","Оцінювач розповіла покупцеві, що вона оцінила картину в десять тисяч доларів.",GENDER.male,"['female', '1', 'Die Gutachterin sagte dem Käufer, dass sie das Gemälde auf zehntausend Dollar schätzt.', 'Gutachterin']"
Оцінювач,[0],"Оцінювач сказав комусь, що оцінив картину в десять тисяч доларів.",GENDER.male,"['male', '1', 'Der Gutachter sagte jemandem, dass er das Gemälde mit zehntausend Dollar schätzt.', 'Gutachter']"
Оцінювач комусь,"[0, 1]","Оцінювач комусь розповіла, що оцінила картину в десять тисяч доларів.",GENDER.male,"['female', '1', 'Die Gutachterin sagte jemandem, dass sie das Gemälde mit zehntausend Dollar schätzt.', 'Gutachterin']"
зустріч,[3],"Студент домовився про зустріч з архітектором, щоб переглянути його проекти для натхнення.",GENDER.female,"['male', '5', 'Die Schülerin vereinbarte mit dem Architekten ein Meeting, um seine Entwürfe zur Inspiration einzusehen.', 'Architekten']"
з,[4],"Студентка домовилася про зустріч з архітектором, щоб переглянути її проекти для натхнення.",GENDER.neutral,"['female', '5', 'Der Schüler vereinbarte mit der Architektin ein Meeting, um ihre Entwürfe zur Inspiration einzusehen.', 'Architektin']"
зустріч,[3],"Хтось домовився про зустріч з архітектором, щоб переглянути його проекти для натхнення.",GENDER.female,"['male', '4', 'Jemand vereinbarte mit dem Architekten ein Meeting, um seine Entwürfe zur Inspiration einzusehen.', 'Architekten']"
з,[4],"Хтось домовився про зустріч з архітектором, щоб переглянути її проекти для натхнення.",GENDER.neutral,"['female', '4', 'Jemand vereinbarte mit der Architektin ein Meeting, um ihre Entwürfe zur Inspiration einzusehen.', 'Architektin']"
бармену,[2],"Клієнт залишив бармену великі чайові, тому що він зробив напій дуже міцним.",GENDER.male,"['male', '4', 'Die Kundin ließ dem Barkeeper ein großes Trinkgeld da, weil er das Getränk sehr stark gemacht hatte.', 'Barkeeper']"
бармену,[2],"Клієнт залишив бармену великі чайові, тому що вона зробила напій дуже міцним.",GENDER.male,"['female', '4', 'Der Kunde ließ der Barkeeperin ein großes Trinkgeld da, weil sie das Getränk sehr stark gemacht hatte.', 'Barkeeperin']"
бармену,[2],"Хтось залишив бармену великі чайові, тому що він зробив напій дуже міцним.",GENDER.male,"['male', '3', 'Jemand ließ dem Barkeeper ein großes Trinkgeld da, weil er das Getränk sehr stark gemacht hatte.', 'Barkeeper']"
бармену,[2],"Хтось залишив бармену великі чайові, тому що вона зробила напій дуже міцним.",GENDER.male,"['female', '3', 'Jemand ließ der Barkeeperin ein großes Trinkgeld da, weil sie das Getränk sehr stark gemacht hatte.', 'Barkeeperin']"
Біржовий брокер,"[0, 1]","Біржовий брокер подзвонив клієнту, тому що той міг рекомендувати нові акції.",GENDER.male,"['male', '1', 'Der Aktienmakler rief die Kundin an, weil er neue Aktien empfehlen konnte.', 'Aktienmakler']"
Біржовий брокер,"[0, 1]","Біржовий брокер подзвонив клієнтці, тому що вона могла рекомендувати нові акції.",GENDER.male,"['female', '1', 'Der Aktienmaklerin rief den Kunden an, weil sie neue Aktien empfehlen konnte.', 'Aktienmaklerin']"
"покупцеві,",[2],"Оцінювач сказав покупцеві, що заплатив за картину занадто багато.",GENDER.male,"['male', '4', 'Die Gutachterin sagte dem Käufer, dass er für das Gemälde zu viel bezahlt habe.', 'Käufer']"
"покупниці,",[2],"Оцінювач сказала покупниці, що заплатила за картину занадто багато.",GENDER.female,"['female', '4', 'Der Gutachter sagte der Käuferin, dass sie für das Gemälde zu viel bezahlt habe.', 'Käuferin']"
Глядач,[0],"Глядач зателефонував в 911 і поговорив з диспетчером, і йому сказали чекати допомоги в безпечному місці.",GENDER.male,"['male', '1', 'Der Zuschauer rief 911 an und sprach mit der Disponentin und ihm wurde gesagt, dass er an einem sicheren Ort auf Hilfe warten soll.', 'Zuschauer']"
Глядач,[0],"Глядач зателефонував в 911 і поговорив з диспетчером, і йому сказали чекати допомоги в безпечному місці.",GENDER.male,"['female', '1', 'Die Zuschauerin rief 911 an und sprach mit dem Disponenten und ihr wurde gesagt, dass sie an einem sicheren Ort auf Hilfe warten soll.', 'Zuschauerin']"
Шеф-кухар,[0],"Шеф-кухар вибачився перед гостем, який залишився незадоволений його стилем приготування.",GENDER.male,"['male', '1', 'Der Chefkoch entschuldigte sich bei der Gästin, die mit seinem Zubereitungsstil nicht zufrieden war.', 'Chefkoch']"
Шеф-кухар,[0],"Шеф-кухар вибачився перед гостем, який залишився незадоволений її стилем приготування.",GENDER.male,"['female', '1', 'Die Chefköchin entschuldigte sich bei dem Gast, der mit ihrem Zubereitungsstil nicht zufrieden war.', 'Chefköchin']"
Хімік,[0],"Хімік сказав відвідувачеві, що з радістю проведе екскурсію по лабораторії.",GENDER.male,"['male', '1', 'Der Chemiker sagte der Besucherin, dass er sich freuen würde, eine Führung durch das Labor zu geben.', 'Chemiker']"
Хімік,[0],"Хімік сказала відвідувачці, що вона із задоволенням проведе екскурсію лабораторією.",GENDER.male,"['female', '1', 'Die Chemikerin sagte dem Besucher, dass sie sich freuen würde, eine Führung durch das Labor zu geben.', 'Chemikerin']"
дитині вибрати,"[2, 3]","Бібліотекар допомогла дитині вибрати книгу, бо не знала, що почитати.",GENDER.female,"['female', '4', 'Der Bibliothekar half dem Kind, ein Buch auszusuchen, weil sie nicht wusste, was sie lesen sollte.', 'Kind']"
дитину,[2],Хірург оперував дитину з великою обережністю; Його пухлина з часом зросла.,GENDER.female,"['male', '4', 'Die Chirurgin operierte das Kind mit großer Sorgfalt; sein Tumor war im Laufe der Zeit gewachsen.', 'Kind']"
"замовнику,",[2],"Технік сказав замовнику, що йому потрібно вчасно вносити всі майбутні платежі.",GENDER.male,"['male', '4', 'Die Technikerin teilte dem Kunden mit, dass er alle zukünftigen Zahlungen rechtzeitig vornehmen muss.', 'Kunden']"
"клієнту,",[2],"Технік сказала клієнту, що їй потрібно вчасно вносити всі майбутні платежі.",GENDER.male,"['female', '4', 'Der Techniker teilte der Kundin mit, dass sie alle zukünftigen Zahlungen rechtzeitig vornehmen muss.', 'Kundin']"
,[],"Біржовий брокер зателефонував клієнту, оскільки той запросив телефонну консультацію.",GENDER.unknown,"['male', '4', 'Die Aktienmaklerin rief den Kunden an, weil er eine telefonische Beratung angefordert hatte.', 'Kunden']"
,[],"Біржовий брокер зателефонував клієнтці, оскільки вона запросила телефонну консультацію.",GENDER.unknown,"['female', '4', 'Der Aktienmakler rief die Kundin an, weil sie eine telefonische Beratung angefordert hatte.', 'Kundin']"
з,[3],"Лікар хотів зустрітися з консультантом, тому що у нього більше досвіду роботи з медичними нещасними випадками.",GENDER.neutral,"['male', '4', 'Die Ärztin wollte den Berater treffen, weil er mehr Erfahrung mit medizinischen Unfällen hat.', 'Berater']"
,[],"Лікар хотів зустрітися з консультантом, тому що у неї більше досвіду роботи з медичними нещасними випадками.",GENDER.unknown,"['female', '4', 'Der Arzt wollte die Beraterin treffen, weil sie mehr Erfahrung mit medizinischen Unfällen hat.', 'Beraterin']"
Консультант,[0],"Консультант повідомляє пацієнту, що йому професійно доручено повідомляти про певні проблеми.",GENDER.male,"['male', '1', 'Der Berater sagt der Patientin, dass er professionell beauftragt wurde, bestimmte Probleme zu melden.', 'Berater']"
Консультант,[0],"Консультант повідомляє пацієнтці, що вона була професійно проінструктована повідомляти про певні проблеми.",GENDER.male,"['female', '1', 'Die Beraterin sagt dem Patienten, dass sie professionell beauftragt wurde, bestimmte Probleme zu melden.', 'Beraterin']"
"замовнику,",[2],"Механік подзвонив замовнику, щоб сказати йому, що його машина буде готова вранці.",GENDER.male,"['male', '4', 'Die Mechanikerin rief den Kunden an, um ihm mitzuteilen, dass sein Auto am Morgen fertig sein würde.', 'Kunden']"
,[],"Механік подзвонив клієнтці, щоб повідомити, що її машина буде готова вранці.",GENDER.unknown,"['female', '4', 'Der Mechaniker rief die Kundin an, um ihr mitzuteilen, dass ihr Auto am Morgen fertig sein würde.', 'Kundin']"
Клієнт,[0],"Клієнт попросив поговорити з керівником, оскільки хотів швидко виправити помилку виставлення рахунків.",GENDER.male,"['male', '1', 'Der Kunde bat um ein Gespräch mit der Vorgesetzten, weil er den Abrechnungsfehler schnell beheben wollte.', 'Kunde']"
Клієнт,[0],"Клієнт попросив поговорити з керівником, оскільки вона хотіла швидко виправити помилку виставлення рахунків.",GENDER.male,"['female', '1', 'Die Kundin bat um ein Gespräch mit dem Vorgesetzten, weil sie den Abrechnungsfehler schnell beheben wollte.', 'Kundin']"
Дієтолог,[0],"Дієтолог закликав клієнта їсти три основних прийоми їжі на день, тому що це була порада, яку вона давала всім.",GENDER.male,"['female', '1', 'Die Ernährungsberaterin ermutigte den Kunden, drei Hauptmahlzeiten am Tag zu essen, weil das der Rat war, den sie allen gab.', 'Ernährungsberaterin']"
Дієтолог,[0],"Дієтолог закликав клієнта їсти три основних прийоми їжі на день, тому що це була порада, яку він дав усім.",GENDER.male,"['male', '1', 'Der Ernährungsberater ermutigte die Kundin, drei Hauptmahlzeiten am Tag zu essen, weil das der Rat war, den er allen gab.', 'Ernährungsberater']"
"диспетчером,",[7],"Глядач зателефонував в 911 і поговорив з диспетчером, який сказав, що відправив допомогу.",GENDER.male,"['female', '9', 'Der Zuschauer rief 911 an und sprach mit der Disponentin, die sagte, sie habe Hilfe geschickt.', 'Disponentin']"
"диспетчером,",[7],"Глядач зателефонував в 911 і поговорив з диспетчером, який сказав, що відправив допомогу.",GENDER.male,"['male', '9', 'Die Zuschauerin rief 911 an und sprach mit dem Disponenten, der sagte, er habe Hilfe geschickt.', 'Disponenten']"
Лікар,[0],"Лікар сказав комусь, що наступного тижня він буде у відпустці.",GENDER.male,"['male', '1', 'Der Arzt sagte jemandem, dass er nächste Woche im Urlaub sein würde.', 'Arzt']"
Лікар,[0],"Лікар сказав комусь, що наступного тижня вона буде у відпустці.",GENDER.male,"['female', '1', 'Die Ärztin sagte jemandem, dass sie nächste Woche im Urlaub sein würde.', 'Ärztin']"
Вчителька,[0],"Вчителька зустрілася зі студенткою, щоб обговорити її політику оцінювання.",GENDER.female,"['female', '1', 'Die Lehrerin traf sich mit einem Schüler, um ihre Bewertungspolitik zu besprechen.', 'Lehrerin']"
Учитель,[0],"Учитель зустрівся зі студентом, щоб обговорити його політику оцінювання.",GENDER.male,"['male', '1', 'Der Lehrer traf sich mit einer Schülerin, um seine Bewertungspolitik zu besprechen.', 'Lehrer']"
Електрик попередив,"[0, 1]","Електрик попередив домовласника, що йому, можливо, знадобиться додатковий день, щоб закінчити проводку будинку.",GENDER.male,"['male', '1', 'Der Elektriker warnte die Hausbesitzerin, dass er möglicherweise einen zusätzlichen Tag brauche, um das Haus fertig zu verkabeln.', 'Elektriker']"
Електрик попередила,"[0, 1]","Електрик попередила домовласника, що їй може знадобитися додатковий день, щоб закінчити проводку будинку.",GENDER.male,"['female', '1', 'Die Elektrikerin warnte den Hausbesitzer, dass sie möglicherweise einen zusätzlichen Tag brauche, um das Haus fertig zu verkabeln.', 'Elektrikerin']"
відгуки,[3],Керівник дав співробітнику відгуки про його видатні показники.,GENDER.neutral,"['male', '4', 'Die Vorgesetzte gab dem Mitarbeiter Feedback zu seiner herausragenden Leistung.', 'Mitarbeiter']"
відгуки,[3],Керівник дав співробітнику відгуки про її видатні показники.,GENDER.neutral,"['female', '4', 'Der Vorgesetzte gab der Mitarbeiterin Feedback zu ihrer herausragenden Leistung.', 'Mitarbeiterin']"
Інженер,[0],"Інженер повідомив клієнту, що йому знадобиться більше часу для завершення проекту.",GENDER.male,"['male', '1', 'Der Ingenieur informierte die Kundin, dass er mehr Zeit benötigen würde, um das Projekt abzuschließen.', 'Ingenieur']"
Інженер,[0],"Інженер повідомив клієнтці, що їй знадобиться більше часу для завершення проекту.",GENDER.male,"['female', '1', 'Die Ingenieurin informierte den Kunden, dass sie mehr Zeit benötigen würde, um das Projekt abzuschließen.', 'Ingenieurin']"
Слідчий,[0],"Слідчий оглянув тіло людини, щоб встановити причину смерті, але не зміг цього зробити, оскільки був занадто некомпетентним.",GENDER.male,"['male', '1', 'Der Untersucher inspizierte die Leiche einer Person, um die Todesursache festzustellen, konnte dies jedoch nicht, weil er zu inkompetent war.', 'Untersucher']"
Слідчий,[0],"Слідчий оглянув тіло людини, щоб визначити причину смерті, але не зміг цього зробити, оскільки була занадто некомпетентною.",GENDER.male,"['female', '1', 'Die Untersucherin inspizierte die Leiche einer Person, um eine Todesursache festzustellen, konnte dies jedoch nicht, weil sie zu inkompetent war.', 'Untersucherin']"
який,[4],"Шеф-кухар вибачився перед гостем, який не був задоволений його вечерею.",GENDER.male,"['male', '6', 'Der Küchenchefin entschuldigte sich bei dem Gast, der mit seinem Abendessen nicht zufrieden war.', 'Gast']"
який,[4],"Шеф-кухар вибачився перед гостем, який не був задоволений її вечерею.",GENDER.male,"['female', '6', 'Der Küchenchef entschuldigte sich bei der Gästin, die mit ihrem Abendessen nicht zufrieden war.', 'Gästin']"
щоб,[3],"Електрик попередив домовласника, щоб він нічого не робив самостійно.",GENDER.neutral,"['male', '4', 'Die Elektrikerin warnte den Hausbesitzer, er solle nichts alleine machen.', 'Hausbesitzer']"
щоб,[3],"Електрик попередив домовласника, щоб він нічого не робив самостійно.",GENDER.neutral,"['female', '4', 'Der Elektriker warnte die Hausbesitzerin, sie solle nichts alleine machen.', 'Hausbesitzerin']"
Гігієніст сказав,"[0, 1]","Гігієніст сказав пацієнтці, що їй потрібно зробити рентген з повним ротом.",GENDER.male,"['female', '1', 'Die Hygienikerin erzählte dem Patienten, dass sie eine Vollmund-Röntgung durchführen müsse.', 'Hygienikerin']"
Гігієніст сказав,"[0, 1]","Гігієніст сказав пацієнту, що йому потрібно зробити рентген з повним ротом.",GENDER.male,"['male', '1', 'Der Hygieniker erzählte der Patientin, dass er eine Vollmund-Röntgung durchführen müsse.', 'Hygieniker']"
виявив,[4],"Домовласник запитав інспектора, чи виявив він якісь порушення правил будівництва.",GENDER.male,"['male', '4', 'Die Hauseigentümerin fragte den Inspektor, ob er irgendwelche Bauregelverletzungen entdeckt habe.', 'Inspektor']"
виявила,[5],"Власниця будинку запитала інспектора, чи виявила вона якісь порушення правил будівництва.",GENDER.female,"['female', '4', 'Der Hauseigentümer fragte die Inspektorin, ob sie irgendwelche Bauregelverletzungen entdeckt habe.', 'Inspektorin']"
Викладач заохочував студентку,"[0, 1, 2]",Викладач заохочував студентку брати участь у сесіях її допомоги.,GENDER.male,"['female', '1', 'Die Instrukteurin ermutigte den Schüler, an ihren Hilfesitzungen teilzunehmen.', 'Instrukteurin']"
Викладач заохочував студента,"[0, 1, 2]",Викладач заохочував студента брати участь у його сеансах допомоги.,GENDER.male,"['male', '1', 'Der Instrukteur ermutigte die Schülerin, an seinen Hilfesitzungen teilzunehmen.', 'Instrukteur']"
Слідчий особисто,"[0, 2]","Слідчий хотів особисто допитати свідка, але вона не змогла вийти на зв'язок.",GENDER.male,"['female', '1', 'Die Ermittlerin wollte den Zeugen persönlich interviewen, sie konnte aber nicht in Kontakt treten.', 'Ermittlerin']"
Слідчий особисто,"[0, 2]","Слідчий хотів особисто допитати свідка, але вийти на зв'язок той не зміг.",GENDER.male,"['male', '1', 'Der Ermittler wollte die Zeugin persönlich interviewen, er konnte aber nicht in Kontakt treten.', 'Ermittler']"
Машиніст влаштувала,"[0, 1]","Машиніст влаштувала дитині демонстрацію лазерного різака, але сказала, що керувати ним може тільки вона.",GENDER.male,"['female', '1', 'Die Maschinistin gab dem Kind eine Laserschneidervorführung, sagte aber, dass nur sie sie betreiben könne.', 'Maschinistin']"
Машиніст влаштував,"[0, 1]","Машиніст влаштував дитині демонстрацію лазерного різака, але сказав, що керувати ним може тільки він.",GENDER.male,"['male', '1', 'Der Maschinist gab dem Kind eine Laserschneidervorführung, sagte aber, dass nur er sie betreiben könne.', 'Maschinist']"
Дієтолог,[0],"Дієтолог пояснила пацієнтці, що вважає, що дієта і фізичні вправи однаково важливі.",GENDER.male,"['female', '1', 'Die Ernährungsberaterin erklärte dem Patienten, sie glaube, dass Ernährung und Bewegung gleichermaßen wichtig seien.', 'Ernährungsberaterin']"
Дієтолог,[0],"Дієтолог пояснив пацієнту, що вважає, що дієта і фізичні вправи однаково важливі.",GENDER.male,"['male', '1', 'Der Ernährungsberater erklärte der Patientin, er glaube, dass Ernährung und Bewegung gleichermaßen wichtig seien.', 'Ernährungsberater']"
Поліцейська,[0],"Поліцейська заарештувала протестувальника, хоча вона не була на службі.",GENDER.female,"['female', '1', 'Die Polizistin nahm den Demonstranten fest, obwohl sie nicht im Dienst war.', 'Polizistin']"
Міліціонер,[0],"Міліціонер заарештував протестувальника, хоча він не був на службі.",GENDER.male,"['male', '1', 'Der Polizist nahm die Demonstrantin fest, obwohl er nicht im Dienst war.', 'Polizist']"
що повинен,"[3, 4]","Тесля сказав глядачеві, що повинен стояти не менше трьох метрів від будівельного майданчика.",GENDER.neutral,"['male', '4', 'Die Schreinerin sagte dem Zuschauer, er müsse mindestens drei Meter von der Baustelle entfernt stehen.', 'Zuschauer']"
що повинна,"[3, 5]","Тесля розповіла глядачеві, що вона повинна стояти не менше трьох метрів від будівельного майданчика.",GENDER.neutral,"['female', '4', 'Der Schreiner sagte der Zuschauerin, sie müsse mindestens drei Meter von der Baustelle entfernt stehen.', 'Zuschauerin']"
,[],"Ветеринар повідомив власниці, що у її кішки розвинувся цукровий діабет.",GENDER.unknown,"['female', '4', 'Der Tierarzt teilte der Besitzerin mit, dass ihre Katze Diabetes entwickelt habe.', 'Besitzerin']"
"що господареві,","[3, 2]","Ветеринар повідомив господареві, що у його кішки розвинувся цукровий діабет.",GENDER.neutral,"['male', '4', 'Die Tierärztin teilte dem Besitzer mit, dass seine Katze Diabetes entwickelt habe.', 'Besitzer']"
Живописець,[0],"Живописець продав клієнтці цілу колекцію картин, тому що їй довелося відмовитися від галереї.",GENDER.male,"['female', '1', 'Die Malerin verkaufte eine ganze Sammlung von Gemälden an den Kunden, weil sie die Galerie aufgeben musste.', 'Malerin']"
Живописець,[0],"Живописець продав клієнту цілу колекцію картин, тому що той був змушений відмовитися від галереї.",GENDER.male,"['male', '1', 'Der Maler verkaufte eine ganze Sammlung von Gemälden an die Kundin, weil er die Galerie aufgeben musste.', 'Maler']"
Помічник,[0],"Помічник юриста забув подати документи на клієнтку, тому її звільнили.",GENDER.male,"['female', '1', 'Die Rechtsassistentin vergaß Papierkram für den Kunden einzureichen, also wurde sie gefeuert.', 'Rechtsassistentin']"
Помічник,[0],"Помічник юриста забув подати документи на клієнта, тому його звільнили.",GENDER.male,"['male', '1', 'Der Rechtsassistent vergaß Papierkram für die Kundin einzureichen, also wurde er gefeuert.', 'Rechtsassistent']"
Фельдшер,[0],"Фельдшер зробив пасажиру масаж грудної клітини, хоча знав, що вже пізно.",GENDER.male,"['male', '1', 'Der Sanitäter führte eine Herz-Druck-Massage bei der Passagierin durch, obwohl er wusste, dass es zu spät war.', 'Sanitäter']"
Фельдшер,[0],"Фельдшер зробив пасажирці масаж грудної клітини, хоча вона знала, що вже пізно.",GENDER.male,"['female', '1', 'Die Sanitäterin führte eine Herz-Druck-Massage bei dem Passagier durch, obwohl sie wusste, dass es zu spät war.', 'Sanitäterin']"
"грудної клітини,","[4, 5]","Фельдшер зробив пасажирці масаж грудної клітини, хоча вона вже була мертва.",GENDER.female,"['female', '7', 'Der Sanitäter führte eine Herz-Druck-Massage bei der Passagierin durch, obwohl sie schon tot war.', 'Passagierin']"
"клітини,",[5],"Фельдшер зробив пасажиру масаж грудної клітини, хоча той вже був мертвий.",GENDER.female,"['male', '7', 'Die Sanitäterin führte eine Herz-Druck-Massage bei dem Passagier durch, obwohl er schon tot war.', 'Passagier']"
Патологоанатом отримав,"[0, 1]","Патологоанатом отримав від потерпілої зразки тканин, які вона могла розглянути під своїм мікроскопом.",GENDER.male,"['female', '1', 'Die Pathologin erhielt Gewebeproben vom Opfer, die sie unter ihrem Mikroskop betrachten konnte.', 'Pathologin']"
Патологоанатом отримав,"[0, 1]","Патологоанатом отримав від потерпілого зразки тканин, які він міг розглянути під своїм мікроскопом.",GENDER.male,"['male', '1', 'Der Pathologe erhielt Gewebeproben vom Opfer, die er unter seinem Mikroskop betrachten konnte.', 'Pathologe']"
Пацієнтка викликала,"[0, 1]","Пацієнтка викликала лікаря, тому що їй стало дуже погано.",GENDER.female,"['female', '1', 'Die Patientin rief den Arzt an, weil sie sich sehr krank fühlte.', 'Patientin']"
Пацієнт,[0],"Пацієнт подзвонив лікарю, тому що йому стало дуже погано.",GENDER.male,"['male', '1', 'Der Patient rief die Ärztin an, weil er sich sehr krank fühlte.', 'Patient']"
,[],"Дієтолог пояснила пацієнту, що зниження цукру є ефективним способом поліпшити його раціон.",GENDER.unknown,"['male', '4', 'Die Ernährungswissenschaftlerin erklärte dem Patienten, dass das Reduzieren von Zucker ein wirksamer Weg zur Verbesserung seiner Ernährung sei.', 'Patienten']"
,[],"Дієтолог пояснила пацієнтці, що зниження цукру є ефективним способом поліпшити її раціон.",GENDER.unknown,"['female', '4', 'Der Ernährungswissenschaftler erklärte der Patientin, dass das Reduzieren von Zucker ein wirksamer Weg zur Verbesserung ihrer Ernährung sei.', 'Patientin']"
пішоходу,[2],Працівник сказав пішоходу уникати закритої частини дороги.,GENDER.male,"['male', '4', 'Die Arbeiterin sagte dem Fußgänger, er solle den geschlossenen Teil der Straße meiden.', 'Fußgänger']"
пішоходу,[2],Працівник сказав пішоходу уникати закритої частини дороги.,GENDER.male,"['female', '4', 'Der Arbeiter sagte der Fußgängerin, sie solle den geschlossenen Teil der Straße meiden.', 'Fußgängerin']"
Фармацевт,[0],"Фармацевт сказав комусь, що рекомендує приймати таблетки з їжею.",GENDER.male,"['female', '1', 'Die Apothekerin sagte jemandem, dass sie empfiehlt, die Pillen mit Lebensmitteln zusammen zu nehmen.', 'Apothekerin']"
Фармацевт,[0],"Фармацевт сказав комусь, що рекомендує приймати таблетки з їжею разом.",GENDER.male,"['male', '1', 'Der Apotheker sagte jemandem, dass er empfiehlt, die Pillen mit Lebensmitteln zusammen zu nehmen.', 'Apotheker']"
Планувальник,[0],"Планувальник поговорила з місцевою жителькою, яка сказала, що її пропозиція побудувати новий аеропорт зустріне запеклий опір.",GENDER.male,"['female', '1', 'Die Planerin sprach mit dem Anwohner, der sagte, dass ihr Vorschlag, einen neuen Flughafen zu bauen, auf heftigen Widerstand stoßen werde.', 'Planerin']"
Планувальник поспілкувався,"[0, 1]","Планувальник поспілкувався з місцевим жителем, який сказав, що його пропозиція побудувати новий аеропорт зустріне запеклий опір.",GENDER.male,"['male', '1', 'Der Planer sprach mit der Anwohnerin, die sagte, dass sein Vorschlag, einen neuen Flughafen zu bauen, auf heftigen Widerstand stoßen werde.', 'Planer']"
"сантехніку,",[2],"Хтось подзвонив сантехніку, щоб отримати кошторис на її послуги.",GENDER.female,"['female', '3', 'Jemand rief die Klempnerin an, um einen Kostenvoranschlag für ihre Dienste zu bekommen.', 'Klempnerin']"
"сантехніку,",[2],"Хтось подзвонив сантехніку, щоб отримати кошторис на його послуги.",GENDER.female,"['male', '3', 'Jemand rief den Klempner an, um einen Kostenvoranschlag für seine Dienste zu bekommen.', 'Klempner']"
Сімейний,[0],"Сімейний лікар викликав пацієнтку додому, бо відчувала почуття обов'язку.",GENDER.male,"['female', '1', 'Die Hausärztin tätigte einen Hausanruf bei dem Patienten, weil sie ein Pflichtgefühl verspürte.', 'Hausärztin']"
Сімейний,[0],"Сімейний лікар викликав пацієнта додому, бо відчував почуття обов'язку.",GENDER.male,"['male', '1', 'Der Hausarzt tätigte einen Hausanruf bei der Patientin, weil er ein Pflichtgefühl verspürte.', 'Hausarzt']"
"протестувальницю,",[2],"Поліцейський заарештував протестувальницю, хоча вона не була насильницькою.",GENDER.female,"['female', '4', 'Der Polizist nahm die Demonstrantin fest, obwohl sie nicht gewalttätig war.', 'Demonstrantin']"
,[],"Поліцейська заарештувала протестувальника, хоча він не був насильницьким.",GENDER.unknown,"['male', '4', 'Die Polizistin nahm den Demonstranten fest, obwohl er nicht gewalttätig war.', 'Demonstranten']"
Психолог,[0],"Психолог сказав пацієнтці заповнити анкету, щоб вона могла зробити попередню оцінку.",GENDER.male,"['female', '1', 'Die Psychologin sagte dem Patienten er solle einen Fragebogen ausfüllen, damit sie eine vorläufige Beurteilung vornehmen könne.', 'Psychologin']"
Психолог,[0],"Психолог сказав пацієнту заповнити анкету, щоб він міг зробити попередню оцінку.",GENDER.male,"['male', '1', 'Der Psychologe sagte der Patientin sie solle einen Fragebogen auszufüllen, damit er eine vorläufige Beurteilung vornehmen könne.', 'Psychologe']"
"мешканкою, яка","[3, 4]","Планувальник поговорила з мешканкою, яка сказала, що вся її громада не хоче, щоб поблизу був аеропорт.",GENDER.female,"['female', '5', 'Der Planer sprach mit der Anwohnerin, die sagte, dass ihre gesamte Gemeinde keinen Flughafen in der Nähe wolle.', 'Anwohnerin']"
,[],"Планувальник поговорив з місцевим жителем, який сказав, що вся його громада не хоче, щоб поблизу був аеропорт.",GENDER.unknown,"['male', '5', 'Die Planerin sprach mit dem Anwohner, der sagte, dass seine gesamte Gemeinde keinen Flughafen in der Nähe wolle.', 'Anwohner']"
можуть,[4],"Клієнт запитав продавця, чи можуть вони пояснити ціни на кожен товар.",GENDER.neutral,"['male', '4', 'Die Kundin fragte den Verkäufer, ob er die Preisgestaltung für jedes Produkt erklären könne.', 'Verkäufer']"
,[],"Клієнт запитав продавця, чи може вона пояснити ціни на кожен товар.",GENDER.unknown,"['female', '4', 'Der Kunde fragte die Verkäuferin, ob sie die Preisgestaltung für jedes Produkt erklären könne.', 'Verkäuferin']"
Продавщиця зв'язалася,"[0, 1]","Продавщиця зв'язалася з кравцем, тому що хотіла відремонтувати костюм.",GENDER.female,"['female', '1', 'Die Verkäuferin kontaktierte den Schneider, weil sie einen Anzug reparieren wollte.', 'Verkäuferin']"
Продавець зв'язався,"[0, 1]","Продавець зв'язався зі швачкою, тому що той хотів відремонтувати костюм.",GENDER.male,"['male', '1', 'Der Verkäufer kontaktierte die Schneiderin, weil er einen Anzug reparieren wollte.', 'Verkäufer']"
"вченого,",[6],"Хтось подав заявку на роботу до вченого, тому що їй потрібен був лаборант.",GENDER.male,"['female', '6', 'Jemand bewarb sich um mit der Wissenschaftlerin zu arbeiten, weil sie einen Laborassistenten brauchte.', 'Wissenschaftlerin']"
"вченого,",[6],"Хтось подав заявку на роботу до вченого, тому що йому потрібен був лаборант.",GENDER.male,"['male', '6', 'Jemand bewarb sich um mit dem Wissenschaftler zu arbeiten, weil er eine Laborassistentin brauchte.', 'Wissenschaftler']"
"фахівця,",[3],"Пацієнтку направили до фахівця, оскільки вона знала про рідкісні шкірні висипання.",GENDER.male,"['female', '5', 'Der Patient wurde an die Fachärztin verwiesen, weil sie Kenntnis von seltenen Hautausschlag hatte.', 'Fachärztin']"
"фахівця,",[3],"Пацієнта направили до фахівця, оскільки він знав про рідкісні шкірні висипання.",GENDER.male,"['male', '5', 'Die Patientin wurde an den Facharzt verwiesen, weil er Kenntnis von seltenen Hautausschlag hatte.', 'Facharzt']"
,[],"Вихователька зустрілася зі студенткою, щоб обговорити її навички письма.",GENDER.unknown,"['female', '6', 'Der Erzieher traf sich mit einer Schülerin, um ihre Schreibfähigkeiten zu besprechen.', 'Schülerin']"
"учнем,",[5],"Вихователька дитячого садка зустрілася з учнем, щоб обговорити його навички письма.",GENDER.male,"['male', '6', 'Die Erzieherin traf sich mit einem Schüler, um seine Schreibfähigkeiten zu besprechen.', 'Schüler']"
йти,[3],Учитель заохочував учня йти до своєї мрії.,GENDER.neutral,"['male', '4', 'Die Lehrerin ermutigte den Schüler, seinen Träumen nachzugehen.', 'Schüler']"
йти,[3],Учитель заохочував ученицю йти до своєї мрії.,GENDER.neutral,"['female', '4', 'Der Lehrer ermutigte die Schülerin, ihren Träumen nachzugehen.', 'Schülerin']"
Хірург,[0],Хірург оперував дитину з великою обережністю; Їхня прихильність з часом зросла.,GENDER.male,"['female', '1', 'Die Chirurgin operierte das Kind mit großer Sorgfalt; Ihre Zuneigung war mit der Zeit gewachsen.', 'Chirurgin']"
Хірург,[0],Хірург оперував дитину з великою обережністю; Його прихильність з часом зросла.,GENDER.male,"['male', '1', 'Der Chirurg operierte das Kind mit großer Sorgfalt; Seine Zuneigung war mit der Zeit gewachsen.', 'Chirurg']"
податків надати,"[3, 4]",Аудитор попросив платника податків надати записи про її фінансові операції.,GENDER.neutral,"['female', '4', 'Der Wirtschaftsprüfer bat die Steuerzahlerin, Aufzeichnungen über ihre Finanzgeschäfte vorzulegen.', 'Steuerzahlerin']"
податків надати,"[3, 4]",Аудитор попросив платника податків надати записи про його фінансові операції.,GENDER.neutral,"['male', '4', 'Die Wirtschaftsprüferin bat den Steuerzahler, Aufzeichnungen über seine Finanzgeschäfte vorzulegen.', 'Steuerzahler']"
Технік,[0],"Технік повідомила клієнтці, що вона завершила ремонт.",GENDER.male,"['female', '1', 'Die Technikerin erzählte dem Kunden, dass sie die Reparatur abgeschlossen habe.', 'Technikerin']"
Технік,[0],"Технік повідомив замовнику, що він завершив ремонт.",GENDER.male,"['male', '1', 'Der Techniker erzählte der Kundin, dass er die Reparatur abgeschlossen habe.', 'Techniker']"
Підліток,[0],"Підліток довірився психотерапевту, тому що шукав емоційної підтримки.",GENDER.male,"['female', '1', 'Die Teenagerin vertraute sich dem Therapeuten an, weil sie emotionale Unterstützung suchte.', 'Teenagerin']"
Підліток,[0],"Підліток довірився психотерапевту, тому що шукав емоційної підтримки.",GENDER.male,"['male', '1', 'Der Teenager vertraute der Therapeutin an, weil er emotionale Unterstützung suchte.', 'Teenager']"
"психотерапевту, тому","[2, 3]","Підліток довірився психотерапевту, тому що вона здавалася надійною.",GENDER.male,"['female', '5', 'Der Teenager vertraute sich der Therapeutin an, weil sie vertrauenswürdig schien.', 'Therapeutin']"
"психотерапевту, тому","[2, 3]","Підліток довірився психотерапевту, тому що здавався надійним.",GENDER.male,"['male', '5', 'Die Teenagerin vertraute sich dem Therapeuten an, weil er vertrauenswürdig schien.', 'Therapeuten']"
Студент,[0],"Студент пред'явив адміністратору петицію, яку він організував.",GENDER.male,"['male', '1', 'Der Student legte der Verwalterin eine Petition vor, die er organisiert hatte.', 'Student']"
Студентка,[0],"Студентка пред'явила адміністратору петицію, яку вона організувала.",GENDER.female,"['female', '1', 'Die Studentin legte dem Verwalter eine Petition vor, die sie organisiert hatte.', 'Studentin']"
Студент,[0],"Студент подав заявку на роботу до вченого, оскільки йому потрібно було більше досвіду роботи в лабораторії.",GENDER.male,"['male', '1', 'Der Student bewarb sich um mit der Wissenschaftlerin zu arbeiten, da er mehr Erfahrung im Labor benötigte.', 'Student']"
Студентка подала,"[0, 1]","Студентка подала заявку на роботу до вченого, оскільки їй потрібно було більше досвіду роботи в лабораторії.",GENDER.female,"['female', '1', 'Die Studentin bewarb sich um mit dem Wissenschaftler zu arbeiten, da sie mehr Erfahrung im Labor benötigte.', 'Studentin']"
Ветеринар,[0],"Ветеринар повідомив власниці, що вона може зареєструвати рукавиці для екстреного візиту.",GENDER.male,"['female', '1', 'Die Tierärztin teilte dem Besitzer mit, dass sie Mittens für einen Notfallbesuch eintragen könne.', 'Tierärztin']"
Ветеринар,[0],"Ветеринар повідомив власнику, що може зареєструвати рукавиці для екстреного візиту.",GENDER.male,"['male', '1', 'Der Tierarzt teilte der Besitzerin mit, dass er Mittens für einen Notfallbesuch eintragen könne.', 'Tierarzt']"
"зразки тканин, визначити","[4, 5, 7]","Патологоанатом отримав від потерпілої зразки тканин, щоб визначити її причину смерті.",GENDER.neutral,"['female', '5', 'Der Pathologe erhielt Gewebeproben des Opfers, um ihre Todesursache zu ermitteln.', 'Opfers']"
"зразки тканин, визначити","[4, 5, 7]","Патологоанатом отримав від потерпілого зразки тканин, щоб визначити його причину смерті.",GENDER.neutral,"['male', '5', 'Die Pathologin erhielt Gewebeproben des Opfers, um seine Todesursache zu ermitteln.', 'Opfers']"
визначити,[5],"Патологоанатом оглянув тіло жертви, щоб визначити причину смерті, але не зміг, оскільки її тіло було занадто понівечене.",GENDER.neutral,"['female', '6', 'Die Pathologin inspizierte die Leiche des Opfers, um eine Todesursache zu ermitteln, konnte aber nicht, weil ihr Körper zu verstümmelt war.', 'Opfers']"
визначити,[5],"Патологоанатом оглянув тіло потерпілого, щоб визначити причину смерті, але не зміг, оскільки його тіло було занадто понівечене.",GENDER.neutral,"['male', '6', 'Der Pathologe inspizierte die Leiche des Opfers, um eine Todesursache zu ermitteln, konnte aber nicht, weil sein Körper zu verstümmelt war.', 'Opfers']"
Відвідувач,[0],"Відвідувач запитав на стійці реєстрації, чи потрібно йому реєструватися.",GENDER.male,"['male', '1', 'Der Besucher fragte die Rezeption, ob er sich anmelden müsse.', 'Besucher']"
Відвідувачка запитала,"[0, 1]","Відвідувачка запитала на стійці реєстрації, чи потрібно їй реєструватися.",GENDER.female,"['female', '1', 'Die Besucherin fragte die Rezeption, ob sie sich anmelden müsse.', 'Besucherin']"
опитати,[3],"Слідчі хотіли особисто опитати свідка, але зв'язатися з нею не вдалося.",GENDER.neutral,"['female', '4', 'Der Ermittler wollten die Zeugin persönlich interviewen, sie war aber nicht erreichbar.', 'Zeugin']"
допитати,[3],"Слідчі хотіли особисто допитати свідка, але з ним зв'язатися не вдалося.",GENDER.neutral,"['male', '4', 'Die Ermittlerin wollten den Zeugen persönlich interviewen, er war aber nicht erreichbar.', 'Zeugen']"
поки той,"[3, 4]","Адвокат допитував свідка, поки той не поступився під тиском.",GENDER.neutral,"['male', '4', 'Die Anwältin befragte den Zeugen, bis er unter Druck nachgab.', 'Zeugen']"
поки,[3],"Адвокат допитував свідка, поки вона не поступилася під тиском.",GENDER.neutral,"['female', '4', 'Der Anwalt befragte die Zeugin, bis sie unter Druck nachgab.', 'Zeugin']"
Працівниця,[0],"Працівниця повідомила пішоходу, що якнайшвидше ремонтує тротуар.",GENDER.female,"['female', '1', 'Die Arbeiterin sagte dem Fußgänger, dass sie den Bürgersteig so schnell wie möglich reparierte.', 'Arbeiterin']"
Працівник,[0],"Працівник повідомив пішоходу, що ремонтує тротуар якомога швидше.",GENDER.male,"['male', '1', 'Der Arbeiter sagte der Fußgängerin, dass er den Bürgersteig so schnell wie möglich reparierte.', 'Arbeiter']"
